1 0.0825515 0.095 0.12007499999999999 0.19
1 0.12242049999999999 0.5034375 0.164165 0.701875
1 0.2195125 0.0471875 0.07692299999999999 0.094375
1 0.305816 0.47124999999999995 0.12570399999999998 0.79125
1 0.351782 0.0421875 0.06379000000000001 0.084375
1 0.453096 0.4821875 0.15384600000000004 0.785625
1 0.633677 0.51125 0.10975600000000008 0.74125
1 0.805347 0.5171875 0.13227 0.734375
1 0.8170729999999999 0.0659375 0.09193200000000001 0.131875
1 0.9695125 0.061875 0.05909900000000001 0.12375
1 0.9723265 0.5525 0.053471000000000046 0.6799999999999999
