1 0.5021875 0.46125 0.994375 0.5475
1 0.1028125 0.445 0.14187499999999997 0.5116660000000001
1 0.4484375 0.7925 0.833125 0.20666600000000002
1 0.28500000000000003 0.434583 0.20124999999999998 0.49749999999999994
1 0.4375 0.23333349999999997 0.15500000000000003 0.118333
1 0.4525 0.47916650000000005 0.14875 0.41166700000000006
1 0.5471875 0.47708300000000003 0.17312500000000003 0.4925
1 0.6737500000000001 0.48124999999999996 0.11625000000000008 0.4875
1 0.8121875000000001 0.4708335 0.20687500000000003 0.483333
1 0.89625 0.473333 0.20625000000000004 0.49
