1 0.05283 0.641379 0.10566 0.48735599999999996
1 0.098113 0.61954 0.067924 0.43908
1 0.176415 0.610345 0.08868000000000001 0.563218
1 0.2613205 0.6666665 0.03584900000000002 0.40919500000000003
1 0.333962 0.6494255 0.05660399999999999 0.462069
1 0.39717 0.6471264999999999 0.06226400000000004 0.572413
1 0.48490599999999995 0.643678 0.07169799999999998 0.5287360000000001
1 0.6160380000000001 0.645977 0.047170000000000045 0.533334
1 0.6679245 0.6517245 0.05283099999999996 0.5540229999999999
1 0.7433965 0.643678 0.060377000000000014 0.524138
1 0.795283 0.591954 0.047170000000000045 0.682758
1 0.866981 0.686207 0.05848999999999993 0.44827599999999995
1 0.940566 0.6850575 0.062263999999999986 0.487357
