1 0.1421875 0.21872049999999998 0.279375 0.140169
1 0.133125 0.1030105 0.26625 0.11382900000000001
1 0.1509375 0.5084665 0.301875 0.119473
1 0.15375 0.651458 0.3075 0.10818400000000006
1 0.154375 0.8019755 0.30875 0.11947300000000005
1 0.133125 0.375823 0.26375000000000004 0.08937
1 0.518125 0.8617125 0.32625000000000004 0.12417699999999998
1 0.57375 0.022107 0.34875000000000006 0.044214
1 0.5671875 0.5319845 0.33062500000000006 0.12699900000000003
1 0.568125 0.3635935 0.32125000000000004 0.12511699999999998
1 0.5771875 0.175447 0.32687499999999997 0.10818399999999999
1 0.871875 0.1740355 0.255 0.137347
1 0.8871875 0.310442 0.224375 0.08466600000000002
1 0.8878125 0.4393225 0.22312500000000002 0.09595500000000001
1 0.9115625 0.56444 0.17562500000000003 0.06961399999999995
1 0.9121874999999999 0.70461 0.17437500000000006 0.11288799999999999
