0 0.1366665 0.4398845 0.217333 0.10520299999999999
0 0.13 0.2583815 0.182666 0.10520300000000002
0 0.1793335 0.1 0.153333 0.093642
0 0.192 0.6179195 0.17066599999999998 0.08439300000000005
0 0.325333 0.269364 0.184 0.09711
0 0.3106665 0.446243 0.14666700000000002 0.09248599999999996
0 0.404667 0.6069365 0.19599999999999995 0.11329499999999992
0 0.39466650000000003 0.097688 0.17333300000000001 0.10288999999999998
0 0.504 0.438728 0.178666 0.09595399999999998
0 0.506 0.2745665 0.15066599999999997 0.091329
0 0.6120000000000001 0.6121384999999999 0.173334 0.10982700000000001
0 0.6080000000000001 0.102312 0.14400000000000002 0.08901800000000001
0 0.6993335 0.265896 0.21466700000000005 0.10173400000000002
0 0.694 0.449133 0.13733399999999996 0.08901800000000004
0 0.8026665 0.09999999999999999 0.1973330000000001 0.09826599999999999
0 0.8113334999999999 0.6132949999999999 0.16133300000000006 0.10289000000000004
0 0.8933329999999999 0.4381505 0.18400000000000005 0.10867099999999996
0 0.9013329999999999 0.269364 0.16800000000000004 0.09479800000000002
